  -1.1058755e+00  -2.7386046e-01
  -3.2846254e-01  -8.9466531e-02
   2.8945866e-01  -3.0515432e-01
   1.2646742e+00   1.4673859e-01
  -3.4160864e-01  -1.3608549e+00
  -1.6182764e+00  -3.4835664e-01
  -1.5241253e+00  -8.8991960e-03
   8.0644194e-01  -1.4736471e-01
   1.2244064e+00  -1.5779923e-01
  -1.4031048e+00   4.3393684e-01
  -8.9469915e-01   1.0952857e-01
   4.3664353e-02  -2.2294749e+00
  -3.4838984e-01  -1.3100345e+00
   4.2380771e-01  -3.9059990e-01
   9.4984484e-01   2.1095175e-01
   5.5665316e-01  -9.7677789e-02
  -1.6323950e+00  -9.5215895e-01
   9.9877225e-01  -3.3661690e-01
   1.8004838e+00   7.1585007e-01
   1.6553751e+00   1.9228181e-01
   1.1866712e+00   3.1061870e-02
   1.1456503e+00   1.4115390e-01
  -9.6795987e-01  -4.3429135e-01
   6.2758289e-02   2.2632895e-01
  -8.5662859e-01  -9.1723712e-02
  -1.4511555e+00   1.2681345e+00
   3.5404278e-01  -2.8660043e-01
  -1.1823729e+00  -7.6535895e-01
   6.4306906e-01  -3.5660425e-01
   8.9783005e-01  -2.7192620e-01
   6.6339979e-01  -3.9062052e-01
   5.8263751e-01  -7.9002209e-02
  -4.3857332e-02   9.7549835e-02
   8.0933211e-01  -9.4910960e-01
   4.8070048e-01   1.8082247e-01
  -1.2775460e+00   7.4775378e-01
  -5.0385724e-01   2.8441885e-01
  -5.1919386e-01  -6.0012043e-01
  -3.8358872e-01  -2.2175091e+00
   5.5970532e-01   3.5040477e-02
  -6.1968617e-01   9.1306487e-01
  -1.2308906e+00  -8.7122361e-02
   1.0631243e+00   1.7087051e-02
   1.3611359e+00   5.6818141e-01
   4.5281534e-01   3.3243249e-01
   1.7783088e+00   7.2927912e-01
   8.9724191e-01   6.3390198e-01
  -7.1581181e-01   4.4483487e-01
  -6.6013763e-01  -1.0461627e+00
   9.5194590e-01  -3.1673144e-01
  -1.0925982e+00   2.8274756e-02
   9.7928122e-01   9.7237727e-01
   7.1816246e-01  -1.1673714e-02
   1.1533334e+00   2.1092050e-01
   1.2710667e+00  -2.7812260e-01
   6.9708846e-01  -7.1654830e-01
  -4.0807440e-01   1.3007808e-01
  -2.2055235e-01  -1.4221215e+00
  -8.5070810e-01   1.0325476e+00
   9.0371866e-01  -2.2362956e-03
  -1.1995245e+00  -1.3358448e-02
  -1.5422248e+00   1.1320490e-01
   8.4178833e-01  -1.0084965e-01
  -1.7596471e-01  -7.1962709e-01
   9.0423285e-01  -1.2222393e+00
  -6.0776648e-01  -1.1396989e+00
   7.3538493e-01  -3.5666385e-01
  -9.5234164e-01  -1.3303768e+00
   6.9884026e-01   2.6934407e-01
  -1.0746857e+00  -2.1249900e+00
   3.4587949e-01   4.8960568e-02
   1.8050700e+00   4.5872034e-01
  -2.5768096e-02  -2.6941276e-01
   9.2679311e-01  -2.5717784e-01
   7.7551737e-01  -2.5768304e-02
   8.8996796e-01   1.3646278e-01
   9.2867876e-01  -2.4467863e-01
   1.1203928e+00   3.8971610e-01
   4.8150101e-01   2.4259307e-01
   4.6087984e-01  -2.7222337e-01
  -1.4309399e-01  -5.8600301e-01
   9.9100885e-01  -1.1500603e+00
   1.0990819e+00  -1.0237563e-01
   7.8575458e-01   7.6970451e-01
   1.3812145e+00   1.1849041e-01
  -3.0793635e-01  -7.8407829e-01
  -1.1633417e+00  -1.5393970e-01
   6.4861690e-01   2.2642430e-01
   3.9044452e-01  -6.3758293e-01
  -6.4157108e-01  -1.6732658e-01
   4.5752395e-01  -5.0054301e-02
   1.1869809e+00   3.9703294e-01
   8.2527432e-01  -4.7771851e-01
   1.5209575e+00   2.1576068e-01
  -3.8204883e-01  -1.6488259e+00
   9.0405817e-01   4.2932246e-01
   9.8836249e-01   1.1109341e-01
  -4.8972135e-01  -1.0964375e+00
   6.8388805e-01   1.0420119e-01
  -9.0511859e-01  -1.5110768e+00
   1.0703826e+00   1.1266115e-01
   8.4335629e-01  -8.3762698e-01
   1.4312840e+00  -3.3930592e-03
   6.6668305e-01   1.5078413e-01
  -1.3567310e+00  -3.6226366e-01
   1.6079885e-01  -5.2776865e-01
   5.1273541e-01  -7.4875792e-01
   7.7050707e-01  -1.3721394e-01
  -4.0308364e-01   1.1345655e-01
   1.1309092e+00  -8.3364871e-02
   9.9514281e-01  -8.2022974e-02
  -5.2356817e-01  -2.3926810e-01
   1.3101253e+00   2.5126836e-01
   1.1319361e+00   3.5398561e-02
   1.4015655e+00   4.8841762e-02
  -3.9319663e-01  -9.1639827e-01
   1.2232516e+00  -2.8787321e-01
   4.9613065e-01  -1.7893330e+00
   7.9221301e-01  -6.3457384e-01
  -8.5904538e-01   2.0718493e-01
   5.7247872e-01   5.0042825e-01
  -8.5772636e-01  -2.2127530e+00
  -4.4484706e-01   5.8194014e-02
  -7.8393838e-01   3.6819101e-01
  -2.1154788e-01   3.5230451e-01
   1.0849238e+00  -1.0058468e-01
   5.8709944e-01   2.0371659e-01
   1.1113598e+00   1.0471342e+00
   8.9099419e-01  -1.8347579e-01
   1.1837918e+00  -6.5920484e-01
  -8.3663933e-01   9.3009820e-02
   1.1762559e+00  -4.2897688e-01
  -9.5330850e-01  -3.0280779e-01
   4.5147979e-01  -6.7082672e-02
  -8.0581243e-01  -4.6994349e-01
  -6.6852324e-01  -1.8458343e-01
  -6.2388344e-01   6.9359021e-01
   1.3829223e+00   8.4788590e-02
  -2.2956300e-01  -7.8552700e-01
   7.0786280e-01   6.8865362e-01
  -5.9228298e-01  -1.2658763e+00
   8.3461470e-01   9.2701711e-02
  -7.6782513e-01  -1.2636265e-01
   3.9533784e-01  -1.5617570e-01
   1.3811483e-01  -2.1279033e-01
  -8.9706222e-01  -7.4101186e-01
  -1.4260125e+00  -8.2495704e-01
   8.0880215e-01  -2.1599499e-01
   6.2268254e-01  -4.1882213e-01
  -1.3011070e+00   3.1557659e-01
   5.3382254e-01   5.8118579e-01
   5.9675787e-01   1.4105551e-01
   8.8948547e-01  -3.3087295e-01
  -3.4635761e-01  -1.5721807e+00
   4.8120348e-01   6.3204319e-01
   1.6045790e+00   2.9426962e-01
   3.6192180e-02   9.8938616e-01
  -1.2013245e-01  -1.3073311e+00
  -1.4567622e+00   1.3634650e-01
  -1.0618420e+00   3.6064144e-01
  -4.3170746e-01  -9.0032370e-01
   1.4683440e+00  -1.4103189e-01
   6.0727555e-01  -2.2782490e-01
  -1.9593034e-01  -1.1725315e+00
   8.0606495e-01  -3.6155619e-01
  -2.6750926e-01   7.2474278e-01
  -3.1873354e-01  -7.3935674e-01
  -4.8166155e-01  -1.6434125e+00
  -4.5836042e-01   4.7614011e-01
  -5.4430882e-01  -1.5309340e+00
  -1.4170411e+00   4.8184777e-01
  -9.1236052e-01  -7.1571659e-01
   9.0396417e-01   3.1248315e-01
  -3.5345652e-01  -1.3969125e+00
  -1.0780564e+00  -1.5612071e-01
   1.4987620e+00  -9.2317408e-01
   8.1492274e-01  -6.3184753e-01
   1.8081850e+00  -1.6282771e+00
   7.7866377e-02  -1.1454998e+00
   9.1184869e-02  -1.0544766e+00
   7.8599470e-01   3.1786478e-01
  -9.5974253e-01   1.4418514e-01
   8.5841973e-01  -4.7768262e-01
  -1.0816883e+00   1.1791771e-01
   1.6323123e-01  -2.3198278e-01
  -7.5226614e-01  -2.8230444e-02
   7.7922871e-01  -6.3434836e-01
   1.4205387e+00  -5.9559234e-02
  -1.5305137e+00   1.5754147e-01
  -9.2215726e-01  -7.0742919e-01
   7.0745217e-01   5.2102532e-02
   1.3592276e+00  -1.8125020e-01
   7.2407631e-01   3.8814735e-01
   8.9378967e-01  -4.6363445e-01
  -6.7885383e-01  -7.4043915e-01
  -8.6428828e-01  -1.8985970e-01
  -8.1330652e-01   2.9852784e-01
  -3.7912507e-01  -1.9969005e+00
   4.7331696e-01  -2.7394122e-02
  -8.8875720e-01  -5.7233171e-02
  -3.4294181e-02  -1.3714565e+00
  -9.2663645e-01  -3.3402509e-01
   1.1334582e+00  -2.6205330e-01
   7.7282083e-01   3.2830007e-01
  -2.7797497e-01  -1.8926432e+00
   1.2275018e+00   1.0362632e-01
  -1.0775448e+00  -4.2093891e-01
   1.1812513e+00   1.1056459e-01
   8.4487079e-01  -1.1931585e-01
  -1.0577455e+00  -4.7479205e-02
   5.9220877e-01   8.5878898e-01
   8.1850580e-01   6.2923158e-02
   1.2121759e+00  -4.0462056e-01
   1.1647209e+00  -1.5590816e-01
   7.1332636e-01  -7.8894856e-01
   1.0899599e+00   6.2404865e-02
  -1.5945271e-01  -1.5033529e+00
  -5.2833813e-01  -1.6325405e+00
  -1.0219487e+00  -1.5730955e-01
  -5.5563384e-01  -1.5258185e+00
   4.4721724e-01  -8.7086839e-01
   5.2806462e-01  -2.2713631e-01
  -3.4337886e-01  -1.3637964e+00
  -4.9597072e-01  -1.9614382e+00
  -1.1925793e+00  -4.1826331e-01
   3.9030252e-01  -2.3188287e-01
  -3.6978453e-01  -9.3173111e-01
   6.2150580e-01  -6.5353161e-01
  -6.7767970e-01   7.7516729e-01
   1.9467749e-01  -3.5344347e-01
   1.6439559e+00  -2.0425524e-01
  -1.2147458e+00   6.7792610e-01
   1.3115777e+00   4.6975528e-02
   5.9813049e-03   4.4326316e-01
   9.9798654e-01   5.8079543e-02
   2.1626405e-01  -2.5800273e-01
   3.4600931e-01  -5.4472949e-01
   6.6371952e-02  -5.9571954e-01
   1.0474371e+00  -1.2434227e-02
   1.2341934e+00  -6.0882389e-01
   3.5367744e-01  -1.5275183e+00
   2.3588739e-01  -7.6249683e-02
  -9.2275417e-01  -1.2590819e-01
  -8.4305730e-01   5.7684699e-01
   1.1041497e+00   2.1199295e-02
   1.0979874e+00   2.3926463e-01
   1.5754344e+00   2.1022319e-01
   9.8195807e-01  -5.5067612e-01
   3.1767893e-01  -6.6891185e-01
  -6.9915499e-01  -9.0469540e-01
   1.1570763e+00  -1.1541886e-01
   6.4530058e-01  -7.3510537e-02
   4.5551575e-01  -7.9689298e-03
  -1.7103204e+00   2.2213194e-01
   4.4563292e-01   1.8447697e-01
   1.2279072e+00   2.6201106e-01
   1.0261835e+00  -1.0198030e+00
   1.2821027e+00  -1.1712626e-01
   1.0612898e+00  -3.5476923e-01
  -2.3985705e-01  -6.6346271e-01
   1.3426640e+00   1.9018045e-01
   7.3867364e-01   7.2165223e-02
   9.3597528e-01  -4.7283009e-02
   5.9357414e-02  -2.1763768e-01
  -7.3549049e-01  -1.2724127e+00
   9.5361469e-02  -6.3151736e-01
   9.1485546e-01   3.6805917e-01
   1.0114702e+00   4.8001318e-01
   8.5450722e-01  -8.2162838e-02
  -6.3986812e-01  -8.5462901e-01
   9.5839407e-01  -1.1002283e-01
   1.4809786e+00  -1.1193789e+00
   1.0224218e+00  -8.3038816e-01
   1.2584687e+00  -1.4126462e+00
   2.4314324e-01   1.1817328e+00
   1.3769873e+00  -4.5408204e-01
   5.1359294e-01   1.2556459e-02
   4.1837867e-01  -1.0396795e+00
  -8.3340793e-01  -9.6188507e-01
  -3.2756493e-01   1.2785235e+00
   6.1145968e-01  -3.9762564e-01
  -1.1018745e+00   2.4546838e-01
  -2.3878056e-01  -8.2239741e-01
  -1.4184616e-01  -1.2908452e+00
   2.2710170e-01  -6.7170212e-01
  -1.0019308e+00  -1.3785084e+00
   7.0309253e-01  -1.4772126e-01
   6.0781790e-01  -3.6081707e-02
  -3.0880435e-01  -1.5834379e+00
   7.0105072e-01   1.5423919e-01
  -6.7095601e-01  -6.4224628e-01
   8.4483685e-01   5.1497433e-01
   2.2438558e-01  -6.1376708e-01
  -2.6184834e-01  -4.5888226e-01
   4.6176061e-01  -5.5858542e-01
  -8.5895446e-01  -4.2352297e-01
   8.7539354e-01  -3.6745094e-01
   1.1850371e+00   8.2973319e-01
   8.7787469e-01  -7.5460578e-02
  -1.3937310e+00  -1.0425384e-01
  -1.0805912e+00  -5.7523047e-02
  -1.4198864e-01  -8.7552054e-01
   4.5344378e-01  -6.4157144e-01
   1.0267207e+00   7.0862234e-01
   1.1104399e+00   3.7629404e-01
   7.2762071e-01  -5.8258331e-01
  -7.6017481e-01   1.1794122e-01
   5.7064319e-01  -4.0735948e-02
   5.7264872e-01  -2.0794711e-01
  -9.7288694e-01  -2.1135175e-01
   1.3627514e+00   2.8480321e-02
   7.9405256e-01  -1.9433781e-01
   6.8837625e-01  -8.1140937e-01
   1.5356684e-01   2.1251406e-01
   9.2371530e-01   4.3975133e-02
  -7.5647824e-01  -4.1831969e-01
  -9.7272525e-01   2.7658967e-01
   1.2381542e+00   5.1486387e-01
   9.1778373e-01   4.3864783e-02
   1.9571336e+00   4.3630599e-01
   6.8205108e-01  -5.0202176e-01
  -8.0565814e-01   5.3384638e-01
  -3.4916797e-02  -1.1982672e+00
   3.0343594e-01  -1.9774116e-01
  -2.9980650e-01  -9.9615065e-01
   6.4149380e-01  -9.7007547e-02
   8.4680255e-01  -2.9544030e-01
   1.1892631e+00  -3.0554181e-01
  -8.0561649e-01  -1.4488008e+00
   1.2690881e+00   2.1257061e-02
   6.2825877e-01   9.8178781e-02
  -3.7940650e-01  -1.0838571e+00
   1.3398876e+00  -1.0543220e-01
   4.0203001e-01  -2.5719536e-01
   1.1797268e-01   5.6946456e-02
  -6.0168579e-01  -1.6807997e+00
  -4.8251962e-02  -6.8518371e-01
  -1.4430317e+00  -1.5099334e+00
   9.7296757e-01  -9.9859725e-02
  -6.1481385e-02  -1.0574970e+00
  -8.0380063e-01   1.6134583e-01
   9.8600912e-01  -5.9668417e-01
   7.9845191e-01   2.2294016e-02
  -4.6994067e-01  -7.4163845e-01
   1.5132357e+00   2.2967196e-01
  -5.3877268e-01  -1.4103509e+00
   1.3028669e+00   7.5780452e-01
  -6.5815466e-01  -1.2501654e-01
   5.1265940e-01   6.0194031e-01
  -5.4631404e-01   2.9697187e-01
   9.7739153e-01  -1.0643071e-01
   1.1831356e+00   1.6915608e-01
  -9.1703181e-01  -1.1574055e+00
   1.0546716e+00   1.1310562e+00
   3.0430788e-01   2.2612047e-02
  -5.7208478e-01  -1.3688821e+00
   5.6387934e-01   5.2831007e-01
   7.1695628e-01  -3.3451621e-01
   9.2369682e-01  -5.7291264e-01
   1.0347983e+00   1.0175750e-01
   7.3677157e-01  -3.4892119e-01
   9.2823145e-01   2.4972743e-01
   4.8927306e-02  -1.1322069e+00
   5.8860356e-01   7.4868213e-02
   1.2597273e+00   2.2961364e-01
   9.0215381e-01   3.8217026e-01
  -5.8371626e-01  -7.6837535e-01
   1.6782400e+00   5.1538310e-01
   1.0062994e+00  -6.4651543e-01
   3.3097603e-01  -5.2922769e-01
   9.2900149e-01  -4.7705501e-02
  -1.6938663e-01  -1.3805749e+00
   1.9429832e+00  -1.7865030e+00
   4.0612211e-01   4.8376411e-01
   6.9566908e-03   7.5594789e-01
  -1.0127664e+00  -1.2740089e-01
   4.0036097e-01  -1.4250805e-01
  -7.0985046e-01   5.3143224e-01
   6.0471631e-01  -3.8754417e-01
  -1.4271997e+00  -7.5704796e-01
   4.7925227e-01  -1.2960877e+00
   5.5357069e-01  -6.6999274e-02
  -1.1731696e+00   2.8548814e-01
  -1.2439729e+00   4.6801666e-01
  -4.3773739e-01  -1.0035864e+00
   1.5109068e+00   3.7752364e-01
   1.4339905e+00   1.7274870e-01
   1.3430489e-01  -1.5315391e+00
   4.9670806e-01  -4.0532887e-01
   3.7127951e-01   3.9851115e-01
   2.6522831e-01   4.8160077e-01
  -4.3857320e-01  -1.0037037e+00
   3.6402473e-01  -3.8887568e-01
   1.3154392e+00   4.4557445e-01
  -8.7301856e-02  -1.2491936e+00
   5.2278454e-01  -2.9583614e-01
   1.8208453e-01  -6.6535210e-01
   1.0737489e+00   2.7559706e-01
  -2.0814568e-01  -1.2183127e+00
   4.7663907e-01   3.0108266e-01
   3.4025994e-01  -8.0525410e-01
  -7.0597014e-01  -1.1951980e-01
  -6.6964965e-01  -1.4181333e+00
  -1.1371399e+00   3.3508300e-01
   2.0396654e-01  -2.1562631e+00
   8.3697378e-01  -1.8698979e+00
  -1.0665565e+00   2.7784976e-01
  -6.3473480e-01  -2.0233282e-01
  -8.6956494e-01  -6.3265691e-02
   8.7159039e-01  -6.0221445e-01
  -1.4653261e+00   5.6214590e-01
  -9.0860534e-01  -2.8608977e-01
   4.8445264e-02  -7.0712893e-01
   5.5704694e-01  -3.6767929e-01
   6.0684292e-01  -5.6134267e-01
   6.0070394e-01  -1.2107409e+00
   1.4836185e-01  -2.8649877e-01
   1.5232085e+00  -2.2087034e-01
   1.2202388e+00   1.5966250e-02
   4.2787144e-01  -8.8356773e-02
   7.3736446e-01   3.0103638e-01
  -8.5493203e-01   1.8419617e-01
   1.0710067e+00   2.5288837e-01
  -1.9604878e-01  -6.1835741e-01
   9.7322713e-01   8.1986052e-01
  -3.7673875e-01  -9.8766820e-01
  -7.0532801e-01  -1.1091738e-01
   5.4452300e-01   1.7119600e-02
  -2.2879040e-01  -1.1152395e+00
  -8.8911292e-01   1.9432221e-01
  -1.1202447e+00  -2.1658178e-01
   7.9825275e-01  -3.1490031e-01
  -2.6544856e-01  -8.9880947e-01
   7.8549036e-01   7.8098339e-02
  -5.3245682e-01  -1.4778543e-01
   6.2826616e-01   5.0125996e-01
   6.1397744e-01  -1.1645779e-01
   1.8498799e+00  -1.2943467e+00
  -9.9428813e-01   3.8977944e-01
  -1.2613092e+00  -2.4433235e-02
   1.1200294e+00  -6.5410368e-01
  -6.4539101e-01  -5.2692356e-01
   1.0951287e+00   6.1551159e-01
  -4.0707027e-01  -1.6353573e+00
  -8.3493210e-01  -5.3321499e-01
   1.5322960e+00  -1.9225543e+00
   3.5253974e-01  -5.2896644e-01
   1.2556645e+00  -3.4993642e-01
   9.9127774e-01  -6.1143424e-01
  -4.7311680e-01  -1.8781579e+00
   8.6526760e-01  -5.4877184e-01
   7.4557102e-02  -9.9724905e-01
   5.2850580e-01   3.3321768e-01
   4.9786645e-01  -3.6547481e-01
   7.1919406e-01   2.0045834e-01
   8.1756758e-01   7.7217763e-01
   1.5537027e+00   4.7007953e-01
  -5.8787751e-01  -1.0575402e+00
   9.9043334e-01  -2.0813117e-01
   1.4353063e+00  -1.6833954e-01
   2.3862211e-01  -6.0106180e-02
   1.0948229e+00   2.8491969e-01
   7.2152406e-01  -1.7614219e+00
  -9.4989486e-01  -1.4749476e-01
   2.3968374e-01  -1.0589215e+00
  -1.4662211e-01  -1.1633785e+00
  -6.8420217e-01  -9.3387943e-01
   2.8456905e-01  -1.0868918e+00
   8.0725189e-02  -1.5379185e+00
  -4.0780985e-01  -1.5605776e+00
   1.8747652e+00  -4.0495852e-02
  -1.1980856e+00   1.1980420e-01
   2.9387806e-01  -1.2601323e-01
  -5.5784959e-01   2.7536778e-01
   1.0235167e+00  -3.9795314e-01
  -8.3970250e-01  -1.0081910e+00
   3.9261025e-01  -1.5358611e-02
   1.5531760e+00  -1.2118281e-01
   1.5411014e+00   7.7058865e-01
  -5.1205639e-01  -9.4570762e-01
  -9.8936927e-01   5.0490017e-01
   2.3035648e-01  -3.0079515e-01
   1.1161085e+00   7.0410396e-01
   1.1893058e+00  -1.1923839e-01
  -8.3377353e-01  -1.8924198e-01
  -2.4022150e-01  -1.5254908e+00
   1.5272260e+00  -6.7118245e-01
  -6.2357156e-01  -1.4037924e+00
   8.6631446e-01  -1.7171797e-01
   1.0541875e+00  -3.1645062e-01
   9.2378014e-01   8.1987524e-03
  -4.8126645e-01  -1.6043181e+00
  -5.4024815e-01  -1.5335269e+00
   1.1005769e+00   1.6609434e-02
   4.1062490e-01   3.6874419e-01
   7.4677258e-01  -5.1450004e-01
   6.5072737e-01   2.7927951e-02
   3.9639753e-01  -3.4275273e-02
   1.4040408e+00   3.2597452e-01
  -1.1558130e+00   3.8226955e-01
   6.0410508e-01  -6.1772214e-01
  -1.1027701e+00  -3.1837763e-01
   1.0355294e+00   2.1708991e-01
  -9.6066995e-01   1.3375816e-01
   5.2600570e-01   2.0688791e-01
  -5.1435171e-01  -5.9718287e-03
  -1.8667470e-01  -7.0580619e-01
   1.0123384e+00  -3.5605508e-01
   1.0423998e+00   9.1139926e-01
   1.3848961e+00  -8.1622559e-02
   8.6728058e-01  -6.9203399e-02
  -1.0174852e+00   2.2488543e-01
  -4.2987123e-01   6.7533284e-01
   7.4890179e-01   6.0451593e-02
   1.2007758e+00   7.6274057e-02
   5.1412372e-01  -1.6993872e-01
   1.3814548e-01   2.0828471e-01
   1.3732450e+00   4.9751223e-01
   7.5143633e-01  -5.9417079e-01
  -1.2920521e+00  -1.9458560e-01
   5.3037557e-01   3.2145795e-01
  -4.9537303e-01   2.2513198e-01
   1.5108702e+00  -1.9781172e-01
   6.6254531e-01   2.3532814e-01
   5.6177835e-01  -1.2155116e-01
  -1.1720731e+00   2.3089115e-01
  -5.6055552e-01  -1.6062406e+00
   3.0394515e-01  -3.8294627e-01
  -4.4095842e-01  -1.3461597e+00
   6.2968997e-01  -1.5865345e-01
   1.3928419e+00   2.6062899e-01
   8.5026077e-01   1.3224317e-01
   1.9599182e-01   7.0113727e-02
  -1.3073952e-01   4.5178666e-01
   7.6172959e-01  -5.2130743e-01
  -3.1692169e-01  -1.9767163e+00
  -1.0283019e+00   8.2209954e-02
   1.1557793e+00   1.1416422e-01
   9.8053983e-01   2.7767790e-01
   3.9428181e-01   4.2689293e-01
   1.1714505e+00   1.7937921e-01
   1.1101925e+00   1.5866097e-02
   1.7318654e+00   6.9160250e-01
  -5.1662023e-01  -3.4786686e-01
  -1.0488999e+00   4.4780215e-01
   9.3568800e-01  -2.2043201e-01
  -2.0155718e-01  -6.6194806e-01
   3.7812533e-01  -3.4438328e-01
  -6.4676619e-01  -1.5347369e+00
  -1.3835126e-01   1.0461925e+00
   5.3134864e-01  -9.7980407e-02
  -6.4411707e-01  -1.5594411e+00
   5.7605050e-01   2.0871183e-01
   1.4416888e+00  -4.5337220e-02
   1.2356673e+00   2.5289961e-01
   9.1079709e-01  -2.7206622e-01
   5.6861941e-01  -6.2263578e-01
  -2.8978970e-01  -1.4766045e+00
  -1.0234991e+00  -1.1519888e+00
   7.8703804e-01  -4.4746862e-02
  -8.3148692e-01  -1.0823557e-01
   1.6170418e+00  -1.2967014e-01
  -8.2845884e-01   5.1308112e-01
   5.7418359e-01   1.4953477e-01
   4.2098621e-01  -5.5944292e-01
   1.0639943e+00  -4.7021638e-02
  -1.1007666e+00   5.5552725e-01
  -4.7293405e-01  -1.1931841e+00
   1.6660898e+00  -9.2139080e-02
   8.8860829e-01   2.8974100e-01
   9.1829081e-01   3.7043325e-01
   6.4428685e-02  -1.1938044e-01
   1.3378988e+00   8.9276655e-02
   1.1550652e+00   3.0389651e-01
   5.9978514e-01   1.3688393e-01
   6.2374183e-01   1.5586907e-01
  -3.0116971e-01  -1.4325627e+00
   1.4422002e+00   2.5319267e-01
   5.6424612e-01   3.7212124e-01
   9.7952915e-01  -1.7630935e-01
  -6.6764962e-01   3.9428789e-01
  -6.6868022e-01  -5.9183873e-01
  -1.4542281e+00   1.9876563e-01
   7.1084229e-01  -3.9552430e-01
   9.1117774e-01  -5.7441745e-01
  -5.2397473e-01   7.4164276e-01
  -8.0396792e-01  -5.9214897e-02
  -1.5649506e-01  -1.4197010e+00
  -2.7115963e-01  -1.1413600e+00
  -7.0591095e-01   3.6203798e-01
   9.0622607e-02   1.7030311e-01
   2.5081207e-01  -7.9704480e-01
  -7.1792789e-01   4.4028823e-01
  -7.9273634e-01  -8.5065082e-02
  -9.9745510e-01  -1.0867304e-01
  -4.6223607e-01  -1.1628289e+00
   1.1892435e+00   5.8196946e-01
  -8.9318108e-01   3.4649817e-01
   5.2444685e-01  -1.2127052e+00
   6.1881495e-01   9.0269994e-01
  -1.3602126e+00   3.0555629e-01
  -3.6088171e-01  -6.0220645e-01
   1.6760602e-01   2.6480842e-02
   8.0803228e-01  -1.4095213e-01
  -8.2942424e-01   2.4995569e-01
   1.4311874e+00  -3.2116182e-01
   1.0696035e+00  -5.5604801e-01
   1.3929520e+00  -9.7026598e-03
   6.1026139e-01  -3.1078020e-01
   1.5553229e+00  -2.4958020e-01
   1.6005183e-01   1.1789257e-01
   7.8619243e-03  -1.0752881e-01
   1.6127513e+00   1.2200954e+00
   5.6715291e-01  -2.5657012e-01
   4.1387214e-01   2.9597043e-01
   8.4695395e-01  -1.7163280e-01
   4.1586053e-01  -3.4010317e-01
  -2.9617883e-01  -1.3071088e+00
   1.6283370e+00   1.2761712e+00
   4.5991075e-01  -3.3760136e-01
  -8.7341553e-01  -1.6584633e+00
  -5.5771857e-01  -6.8397981e-01
   5.4869964e-01   5.3879531e-01
  -7.4194678e-01  -2.4329108e-02
  -4.3059561e-01   1.1396072e-01
   1.5156983e-01  -1.2132157e-01
   1.4344561e+00   3.7293961e-01
  -6.1378399e-01   4.3011657e-02
   1.0834556e+00  -1.8153534e-01
  -1.0988543e+00   7.1526786e-01
  -1.5519623e+00   2.2305408e-01
   1.3793665e+00   1.5872294e-02
  -1.1359563e+00   3.2797891e-01
   1.1126019e+00   1.5958064e-01
  -7.0788175e-01  -1.1335515e+00
   9.8218469e-01  -4.1150232e-01
   9.7875724e-01  -8.1261615e-01
  -4.0236056e-02   5.6660478e-01
  -4.4492473e-01  -1.2137687e+00
  -1.0873115e+00  -2.3712846e-01
   9.1787449e-01   1.9656767e-01
  -8.3507416e-01  -1.2073407e+00
  -1.4222472e+00   1.3829566e-01
   2.5638190e-01  -3.2901951e-01
   7.4377959e-01  -5.0015847e-01
   1.5410917e+00   7.9336568e-02
  -8.8511268e-01   2.8983526e-01
   4.9867635e-01   1.6026270e-01
   2.8509985e-01  -6.5934658e-01
  -3.1095649e-01  -1.4970953e+00
   1.0940244e+00   1.3265046e-01
   5.5926631e-01   4.6077888e-02
  -5.4470721e-02  -1.7021634e+00
  -1.1603228e+00  -2.3895336e-01
  -1.0923903e+00  -2.3109467e-01
   3.0790267e-02  -5.1848186e-01
   1.4974783e+00  -1.4732978e-01
   7.3924316e-01  -2.1895010e-01
   8.4903438e-01  -1.7009754e-01
  -1.2450297e+00   7.1460520e-02
   4.9142520e-01  -3.7196396e-01
   7.4747590e-01  -1.6872078e-01
   3.5265475e-01  -4.9566995e-02
   5.2821227e-01  -1.1147198e+00
   7.4204296e-01  -1.8801001e-01
   6.3021716e-02  -7.5993421e-01
   7.9082828e-01   3.3038554e-01
   1.6629665e+00  -3.7203285e-02
   5.8290291e-01  -4.5994382e-01
   5.2028094e-01   5.3984804e-03
   1.4562473e+00   3.6475177e-01
   1.1441774e-01  -2.2506732e-01
   5.1859211e-01  -3.1939359e-01
  -2.6748130e-01  -1.3177039e+00
   7.8963782e-01  -1.0144143e+00
   6.8236653e-01  -2.1531836e-01
  -4.0429314e-01  -1.8261735e-01
   1.1867940e+00   1.2610716e+00
   1.4165614e+00   4.0177154e-01
   1.2136531e+00  -6.6132022e-01
   7.0447277e-01   3.0027286e-01
   3.9190079e-01  -1.6213536e-01
   3.9852346e-01   1.1947581e-01
  -6.2842081e-01  -1.6529682e+00
   5.0431732e-01  -3.5484714e-01
  -9.9813700e-01   2.9414251e-01
   1.0590282e+00   5.5038084e-02
  -1.2478637e+00  -1.3203215e+00
  -5.3597491e-01  -1.6167502e+00
  -1.2814806e+00  -4.4207719e-02
  -7.0765241e-02  -1.5570130e+00
   4.6328930e-01  -1.7338001e+00
   9.8649091e-01   9.5680006e-03
  -1.1518032e+00   1.2215739e-01
   1.4397492e-01  -7.6680547e-01
   7.5172677e-01  -4.9534602e-01
   1.1453922e+00  -9.8373677e-02
  -1.2267189e-01  -1.9307251e+00
  -6.0070926e-01   2.1499599e-01
  -1.1005571e+00  -2.2350962e-01
  -5.7669314e-01  -1.4466310e+00
  -2.1637997e-01  -1.4439448e+00
   1.6876683e-01  -6.2029651e-01
   1.2670872e+00  -1.0846692e-01
  -1.5333606e+00   3.5409177e-01
   1.3656814e+00   3.7856603e-01
  -6.8626336e-01  -1.1679072e-01
  -3.9741930e-01  -1.3061321e+00
  -4.9674411e-01  -1.4960001e+00
   1.3166535e+00  -1.4441196e-01
  -3.5578055e-01   4.8360332e-01
   6.5689650e-01   9.6781317e-01
  -6.9390137e-01   1.7042258e-01
   1.0972915e+00   6.4006977e-02
   1.1290566e+00   7.1823471e-01
   1.7447374e+00   4.9569029e-01
   1.0667581e+00   5.8849707e-02
   9.2158415e-01   2.1155290e-01
   1.7113330e+00   3.6014549e-01
  -3.1371484e-01  -1.7840882e+00
  -2.1995630e-01  -1.4202514e+00
   8.7968942e-01  -3.1825620e-01
  -1.0887906e+00  -2.9476058e-01
   4.9166904e-01   7.0066682e-01
  -1.0125946e+00  -4.2079584e-01
   9.7373998e-01  -1.5153356e-01
  -4.4862339e-01   7.2124374e-01
   6.1670235e-01   1.1148326e-01
  -2.5613114e-01  -1.4533156e+00
  -1.1911876e+00   7.6140159e-01
   3.3871594e-01   1.8784518e-01
   3.5520921e-02  -1.7062769e+00
   9.3001358e-01   8.6501577e-02
   4.5468585e-01  -1.1004455e+00
  -1.2694412e+00   3.6899133e-01
   1.2846840e-01  -1.3431828e+00
   9.4711368e-01   5.1372519e-02
   3.5576609e-02  -1.6067568e+00
   1.4702118e+00   5.8376254e-01
   1.0022167e-01  -6.7859536e-02
   7.3602205e-01  -1.6069447e-01
   7.2322383e-01  -1.1423996e+00
   1.4499875e+00   5.0415479e-01
  -7.4420346e-01   6.2867761e-01
   1.0470633e+00   3.5780574e-01
  -8.8044219e-02  -1.0525115e+00
  -8.8505491e-01  -1.2841791e+00
  -1.0108706e+00   1.2964061e-02
  -6.8270304e-02  -1.2265840e+00
   9.5432702e-01   1.7327223e-01
  -5.0011279e-01  -1.2066117e+00
   3.2961823e-01   6.5022807e-02
   4.4924564e-01   4.1593218e-02
   1.6797933e-01  -1.2946470e+00
  -5.5454721e-01  -1.4472333e+00
   9.2106359e-01   5.7601846e-01
  -5.1198713e-01  -1.3939048e+00
   7.3610496e-01   4.4214599e-01
  -1.2945221e+00   1.5172964e-01
  -5.5121012e-01  -8.6209521e-01
   1.0871478e+00  -4.0188086e-01
   4.2805937e-01   2.4422342e-01
   8.9467045e-01  -2.3423552e-01
   1.6621245e+00   4.9474873e-01
   9.1024172e-01  -2.5028617e-01
   9.2012862e-02  -8.7504303e-01
  -3.8961441e-01   2.8133961e-01
   1.9168871e-01  -9.0429794e-02
  -7.7051570e-01  -1.4460121e+00
  -6.3217024e-01   4.3900161e-01
  -1.0588549e+00   1.9292279e-01
   7.1193892e-01  -3.3852027e-02
  -1.2825789e+00  -4.3351615e-01
   4.8427215e-01   3.3909814e-01
  -7.1581828e-01  -4.1231658e-01
  -3.5911945e-01  -2.4450710e-01
   7.3502870e-01   5.8581616e-01
  -3.7688630e-01  -1.0355807e+00
   7.6019730e-01   2.9960293e-02
   9.2919789e-01  -1.5854065e-01
  -1.2816104e+00   5.1099617e-01
   1.0153582e+00  -5.5181508e-01
  -7.0794083e-01  -3.1502842e-01
   6.0275430e-01  -6.1467043e-01
   5.4698786e-01  -5.2030581e-01
   7.8951181e-01  -8.2236829e-02
   3.7102147e-01  -3.2287045e-01
   7.5350993e-01   6.0400144e-01
   2.3769452e-02  -2.0727848e+00
  -8.5126324e-01   7.0614194e-01
  -8.8528547e-01  -5.6317709e-01
   5.9358450e-01  -2.5553554e-01
   3.8714582e-01  -4.4028612e-01
   1.2589001e+00  -3.1911498e-01
  -1.1650579e+00  -1.1821492e+00
  -5.2380673e-01  -5.9861866e-01
   7.2152252e-01  -1.2504017e-01
   1.6685172e+00  -1.0100227e+00
  -2.6876398e-01  -1.2169690e+00
   2.3409255e-01  -2.5045609e-01
   5.7264102e-01   2.5036748e-01
  -4.8154344e-01   1.2228496e-01
   1.1818125e+00  -1.3303661e+00
   1.0463079e+00  -1.6083451e-01
   1.0326897e+00  -3.4798301e-01
   1.2345222e+00  -3.0639326e-01
   1.6574086e+00  -3.4023387e-01
   1.9036050e-01  -6.7993918e-01
  -5.4662203e-01  -1.3358451e+00
  -1.4430964e+00  -1.1069550e+00
  -4.5860851e-01  -6.8310100e-01
  -4.1601123e-01  -6.8931182e-01
   9.5390900e-01  -1.0202721e-02
   7.7097623e-01   5.7383655e-01
   1.1020497e+00  -1.0867246e+00
   6.1240117e-01  -3.1014009e-01
  -1.0523931e+00  -7.7692527e-02
  -2.7348300e-01  -9.9712778e-01
  -5.0192390e-01  -8.9252760e-01
  -4.2681859e-01  -9.4978244e-01
   6.4656169e-01  -1.0817561e+00
   1.2041882e+00   1.3335704e-01
  -1.8779404e-01  -1.1995401e+00
   7.7040514e-02  -3.0885591e-01
   1.1540402e-02  -1.6308997e+00
   1.9631817e-01  -4.3926365e-01
  -1.0334130e-01  -1.1815817e+00
   5.2689165e-01   2.6109672e-01
  -9.0253789e-01  -7.2395434e-01
   4.9657745e-01  -8.3013153e-02
  -1.0701562e+00  -4.2254908e-01
  -4.5185925e-02   5.0691264e-01
   8.0755657e-01  -2.1148603e-02
  -6.6064922e-01  -1.2884266e+00
   1.4106455e+00  -1.0457837e+00
   1.4490297e+00   3.3878597e-02
   1.2413107e+00   4.1383721e-01
   9.7374847e-01  -9.1971281e-03
  -1.0311461e+00   6.0302138e-01
  -1.3373030e+00  -1.7428230e+00
  -3.9226514e-01  -2.2878090e-01
   4.7814064e-01   3.3568790e-01
  -6.6154165e-01   3.0303549e-01
   1.5410417e-01  -5.2199328e-01
   1.1823313e+00  -7.8036666e-02
   4.9455875e-01  -3.5758509e-01
  -9.6200452e-01   1.0991170e-01
  -1.4326315e+00   9.3382856e-03
   2.6611962e-01  -2.9331605e-01
   8.6070267e-01  -8.4203757e-02
  -4.7761140e-01   2.0054751e-01
  -4.2271453e-01  -1.1624793e+00
  -9.6981640e-02  -1.7295791e+00
  -6.4775051e-01  -3.0041163e-01
   3.1046440e-01   5.2243065e-03
   2.6210305e-01   1.2479174e-01
  -1.0132582e+00   2.4139251e-02
   5.0881285e-01  -2.9720876e-01
  -1.0646451e+00  -1.2506790e-01
   1.0636342e+00   2.3177683e-01
   2.4071078e-01   2.2668679e-01
  -3.8333158e-02   6.7192722e-01
  -6.7698977e-01  -1.2181918e+00
   8.6007964e-01   2.5858956e-01
  -3.1392785e-01  -8.4922276e-01
   9.5872558e-01  -3.1897631e-01
   8.8152476e-01  -4.0854595e-01
   2.9205892e-02  -2.0897122e+00
   1.5231784e+00  -8.8227279e-02
   4.8387932e-01  -1.1726048e-01
  -5.8834498e-01  -1.9499881e+00
  -2.9910084e-01  -1.4626214e+00
   5.2068545e-01   2.0587930e-01
  -1.0771883e+00  -4.7694974e-01
   1.2308679e+00   1.0503335e+00
  -8.8227132e-03  -2.5363110e-01
   2.8113574e-01   8.6959735e-02
   8.0459036e-01   7.7704002e-02
   1.1340477e+00  -2.8984603e-01
  -9.2714511e-02  -1.7463451e+00
   7.5969932e-01  -2.9980533e-01
   1.1167286e+00   9.8504370e-02
   3.6367964e-01  -2.8570550e-01
  -1.1892134e+00   5.6772729e-01
  -6.6902796e-01  -7.8796890e-01
   8.0429860e-01   5.3444307e-01
  -7.3704192e-01  -1.3508446e+00
  -4.1012857e-01  -1.4988198e+00
  -3.6926898e-01  -5.7092602e-01
  -1.2871745e+00   4.7645388e-01
  -3.3741986e-01   4.5857086e-01
   8.5839516e-01  -2.4769864e-02
   7.0909011e-01  -1.1913177e-01
   7.2071275e-01   3.1984424e-02
  -2.1193568e-02  -2.1879851e+00
  -5.4919916e-01  -1.4741908e+00
   1.0152447e+00  -9.9958344e-01
   1.1497718e+00  -2.1416932e+00
   6.6561609e-02  -1.4677099e+00
  -6.4117903e-01  -1.0898952e+00
  -1.0563314e+00   3.1370770e-01
   1.5536623e+00   7.1164158e-01
   5.6977332e-01  -6.3525503e-01
   1.3229693e+00  -2.1987253e-01
   8.0025016e-01  -4.7322597e-01
  -8.8602486e-01   7.0653337e-01
  -4.1594585e-01  -8.6121742e-01
  -4.5634173e-01  -6.1027469e-01
   7.5743034e-01  -1.4699927e-01
   9.2221377e-01  -2.3293606e-01
   4.9244043e-01   6.3747097e-02
   7.0337348e-01   4.8241541e-01
   2.2283265e-01   1.1880053e-01
  -3.6448335e-01  -1.8776187e+00
  -7.7333863e-01   5.6714095e-01
   7.5885521e-02  -8.8124394e-01
  -9.5406742e-01  -1.3406676e+00
  -7.8934861e-01  -1.6175284e+00
  -3.4826783e-01   2.6557648e-01
   5.9261653e-01  -1.8059357e-01
   8.7162119e-01  -2.7308180e-01
   1.0679475e+00  -1.6844916e-01
   1.4046181e+00   1.2189409e-01
   9.8330459e-01  -7.4889598e-01
   1.0862002e+00   1.3556493e-01
   8.8540110e-01  -5.8819985e-01
   6.1535151e-01   6.5221495e-01
  -9.4237902e-01  -4.4788878e-01
   1.0099517e+00   5.6115180e-02
   9.1229631e-01   3.5253209e-02
   7.3435147e-01  -1.5050131e-01
   6.0767847e-01   3.6226418e-02
   7.3706406e-01  -3.4817050e-01
   6.3289585e-01  -6.0633033e-01
  -3.4882192e-01  -1.0514413e+00
   1.3349906e+00  -3.9106424e-01
   8.1581551e-01  -3.3152567e-01
   7.5376079e-01   1.2993029e-01
   6.6835217e-01  -1.1250307e-01
  -8.6339527e-01  -1.7162699e+00
   6.6943526e-01   7.8921497e-02
   3.3739436e-01   1.4911017e-01
   1.0994989e+00   1.6486981e-01
   1.2155857e+00  -3.4344696e-01
   8.3216317e-01  -1.2619977e+00
  -7.4758721e-01   3.1058813e-01
  -1.6287010e-02  -5.6816152e-01
   1.8104873e-01  -2.6880885e-01
   3.5406821e-01  -4.9066988e-01
   6.6954612e-01  -5.4492118e-01
  -1.8778857e-01  -1.1930146e+00
   7.0118513e-01   5.7715036e-01
   1.2238785e+00   1.2834133e-01
  -7.3357323e-01   2.1956858e-01
  -1.4518389e+00  -2.1634083e-01
  -6.6780090e-01  -1.1820844e+00
   1.0181071e+00   1.1833170e-01
   1.3484937e+00   5.3358830e-01
   6.2982077e-01  -1.5876339e-02
   5.7173554e-01   3.2013517e-01
   2.4641616e-01   1.5288588e-01
   1.9053311e+00   7.4997701e-02
  -3.2504819e-01  -1.4804807e+00
   6.7952791e-01  -1.3194140e-01
  -1.0251308e+00   9.9551778e-01
  -7.3049083e-01  -4.4440580e-01
  -5.7268809e-01  -1.8542135e+00
   1.6574814e+00  -9.1663571e-03
  -6.6684550e-01  -3.3985983e-01
  -5.7353600e-01  -1.4597325e+00
   8.3579384e-01  -7.5780413e-02
  -1.1430169e+00   7.5538117e-02
  -5.0674211e-01  -2.1693389e-01
   1.5832487e+00   8.2413617e-02
   4.7365299e-01  -1.3258745e-01
   5.2456159e-01   1.1270008e-02
   2.7516584e-01  -2.3812325e-01
   9.1411512e-01  -9.3328275e-02
   9.9455624e-01   4.0787655e-01
  -6.8658525e-01  -1.7197929e+00
   3.9468899e-01  -1.3672145e+00
   2.3729299e-01  -2.2024091e-02
  -6.9622407e-01  -1.5737459e+00
   1.4635727e+00   5.5675394e-01
   1.0545309e+00  -8.2347417e-01
  -1.1225636e+00  -1.3872380e+00
   7.5277110e-01  -5.5968009e-01
  -7.4424008e-02  -7.4998384e-01
  -9.9328567e-01  -4.4306046e-01
   8.6982655e-01   5.2176092e-01
  -4.6213661e-01  -1.5761825e+00
  -1.2906597e+00  -2.0020685e-01
  -9.8691792e-01   1.3332432e-01
   1.0537608e+00  -4.8461642e-02
  -6.7877506e-01  -6.2882326e-01
   1.0581008e+00   4.2124982e-01
   9.1968658e-01   3.3857640e-01
   8.4625310e-01  -5.2681385e-01
   9.7395435e-01  -1.7521936e-01
  -1.0997084e+00  -1.3547127e+00
